Coil A

OptimalCoil =

   135   122   107    91    75    57    41    18    10    10     1     1


MinDeviation =

   25.0686
   
   
OptimalCoil =

   135   122   107    91    75    57    41    18    10    10     0     0


MinDeviation =

   23.5679
   
% OptimalCoil =

   135   122   107    91    75    57    40    20    12    12     0     0


MinDeviation =

   23.5752
   
   
OptimalCoil =

   135   122   107    91    75    57    42    17     9     9     0     0


MinDeviation =

   23.5656

   
OptimalCoil =

   135   122   107    91    75    57    41    17     9     9     0     0


MinDeviation =

   23.5672
   
   OptimalCoil =

   135   122   107    91    75    57    42    16     8     8     0     0


MinDeviation =

   23.5631
   
   Coil B
   _______________________________________________________________
OptimalCoil =

    77    54    41    22     7     6     7     5     7     6     0


MinDeviation =

    1.8139
    
    
    OptimalCoil =

    77    53    41    23     6     5     7     6     6     5     0


MinDeviation =

    1.5511
    
    
    OptimalCoil =

    77    53    41    24     5     4     7     6     5     4     0


MinDeviation =

    1.5476
    
% OptimalCoil =

    77    53    41    25     4     3     7     6     4     2     0


MinDeviation =

    1.5432